% deep_blue Messungen
deep_blue = [4054,4060,4058,4059,4060,4054,4060,4059,4061,4057,4060,4060,4057,4057,4056,4059,4061,4057,4059,4052,4056,4059,4056,4059,4057,4054,4055,4059,4059,4058,4060,4062,4056,4057,4059,4061,4057,4056,4056,4059,4057,4058,4057,4058,4060,4057,4057,4063,4062,4057,4055,4059,4055,4056,4058,4062,4060,4056,4056,4061,4063,4060,4057,4061,4057,4059,4057,4060,4058,4058,4056,4057,4060,4061,4060,4056,4053,4054,4059,4057,4062,4061,4057,4056,4059,4056,4059,4058,4058,4058,4055,4057,4056,4060,4059,4055,4055,4054,4058,4062,4056,4056,4054,4057,4058,4057,4058,4061,4061,4056,4056,4053,4059,4059,4059,4056,4054,4054,4057,4058,4057,4060,4058,4056,4060,4055,2694,2630,2609,2591,2589,2592,2590,2595,2592,2606,2607,2610,2604,2611,2597,2595,2593,2606,2600,2600,2602,2585,2579,2586,2606,2611,2654,2720,2746,2745,2748,2740,2745,2746,2738,2728,2719,2714,2699,2658,2625,2603,2586,2589,2601,2605,2613,2608,2613,2603,2598,2605,2606,2617,2622,2641,2675,2702,2720,2725,2731,2717,2722,2716,2729,2739,2753,2761,2756,2755,2752,2749,2752,2746,2744,2738,2727,2722,2708,2670,2634,2630,2617,2615,2613,2614,2610,2605,2613,2615,2645,2663,2678,2690,2702,2721,2729,2736,2742,2749,2749,2746,2743,2719,2724,2717,2708,2687,2672,2657,2645,2625,2577,2567,2577,2590,2589,2585,2587,2579,2583,2575,2579,2583,2590,2607,2610,2603,2581,2582,2621,2678,2705,2720,2725,2736,2748,2749,2751,2743,2748,2764,2765,2764,2758,2758,2749,2742,2693,2595,2576,2584,2588,2593,2605,2611,2612,2623,2636,2645,2663,2698,2705,2723,2719,2719,2712,2708,2706,2700,2701,2710,2724,2714,2706,2702,2702,2712,2747,2746,2743,2729,2709,2685,2666,2631,2615,2623,2630,2621,2607,2601,2616,2623,2611,2600,2615,2622,2626,2618,2629,2629,2652,2678,2699,2705,2696,2689,2682,2684,2694,2700,2699,2671,2600,2575,2576,2570,2571,2587,2590,2586,2590,2592,2586,2573,2579,2575,2578,2583,2599,2601,2605,2611,2610,2610,2607,4057,4056,4063,4056,4057,4059,4060,4058,4059,4057,4057,4061,4060,4061,4060,4059,4060,4060,4056,4061,4059,4057,4058,4054,4058,4057,4057,4063,4057,4062,4057,4058,4060,4058,4058,4057,4056];
deep_blue = deep_blue.*-1;
%
deep_blue2 = [4055,4061,4054,4055,4055,4059,4063,4060,4058,4051,4055,4056,4056,4060,4058,4056,4057,4056,4056,4057,4059,4055,4062,4057,4063,4056,4061,4062,4060,4058,4053,4053,4052,4058,4063,4061,4057,4057,4056,4057,4060,4055,4057,4055,4059,4058,4059,4063,4059,4058,4060,4055,4059,4059,4062,4061,4057,4055,4052,4057,4057,4056,4061,4059,4052,4053,4059,4063,4060,4058,4062,4061,4057,4061,4058,4061,4058,4056,4056,4051,4061,4056,4061,4066,4060,4062,4058,4059,4055,4056,4059,4057,4058,4056,2661,2646,2629,2612,2594,2593,2574,2564,2554,2545,2574,2598,2599,2585,2576,2572,2582,2576,2579,2590,2589,2598,2604,2608,2606,2606,2614,2680,2729,2721,2713,2710,2728,2737,2738,2740,2737,2735,2698,2664,2648,2639,2624,2612,2609,2600,2607,2591,2598,2600,2604,2596,2594,2595,2597,2609,2627,2681,2716,2721,2732,2726,2727,2742,2743,2742,2741,2745,2739,2726,2717,2711,2721,2729,2730,2733,2724,2726,2724,2703,2696,2670,2640,2635,2624,2611,2614,2621,2641,2644,2647,2647,2669,2746,2776,2771,2761,2737,2743,2736,2732,2726,2737,2746,2750,2752,2756,2752,2746,2725,2699,2673,2666,2647,2626,2605,2596,2595,2589,2596,2585,2579,2585,2593,2592,2602,2612,2633,2646,2644,2643,2644,2663,2666,2674,2687,2682,2684,2690,2724,2740,2744,2738,2732,2726,2720,2710,2713,2715,2719,2705,2696,2660,2626,2626,2624,2614,2606,2608,2600,2585,2590,2598,2626,2662,2698,2713,2728,2734,2711,2715,2709,2715,2725,2734,2724,2698,2689,2692,2698,2705,2714,2721,2728,2740,2740,2730,2706,2654,2612,2616,2604,2569,2561,2557,2559,2566,2562,2556,2555,2560,2573,2581,2583,2577,2581,2624,2743,2748,2747,2727,2721,2727,2740,2736,2741,2728,2719,2643,2590,2592,2595,2586,2587,2580,2590,2593,2584,2588,2591,2597,2582,2581,2573,2568,2578,2589,2594,2586,2582,2596,4053,4058,4060,4059,4060,4062,4059,4059,4058,4058,4057,4063,4059,4057,4055,4057,4055,4062,4062,4062,4062,4057,4057,4056,4057,4057,4056,4061,4054,4056,4056,4056,4059,4059,4057,4057,4058,4059,4059,4062,4057,4057,4061,4058,4057,4059,4059,4061,4057,4056,4056,4055,4061,4061,4061,4064,4058,4056,4056,4056,4057,4059,4058,4060,4059];
deep_blue2 = deep_blue2.*-1;
% Iron_core Messungen
iron_core =[4062,4064,4057,4060,4058,4062,4063,4056,4057,4063,4060,4056,4057,4061,4056,4052,4059,4057,4060,4060,4058,4060,4056,4061,4054,4057,4060,4058,4059,4055,4057,4053,4057,4056,4058,4057,4062,4059,4055,4063,4058,4058,4056,4061,4055,4055,4057,4057,4059,4058,4055,4065,4058,4063,4056,4057,4056,4058,4059,4064,4056,4056,4058,4056,4059,4065,4064,4056,4053,4059,4058,4058,4062,4060,4058,4058,4058,4058,4057,4054,4058,4062,4062,2798,2707,2688,2657,2642,2638,2637,2639,2634,2636,2627,2626,2623,2619,2612,2617,2615,2609,2606,2615,2617,2614,2603,2601,2602,2600,2604,2612,2614,2617,2623,2615,2620,2615,2614,2614,2609,2604,2603,2616,2614,2620,2616,2612,2615,2619,2629,2624,2629,2625,2620,2629,2630,2632,2620,2607,2597,2591,2604,2624,2622,2620,2610,2659,2708,2714,2718,2712,2704,2707,2704,2700,2665,2641,2630,2614,2604,2578,2548,3642,3651,3667,3683,3694,3699,3709,3711,3714,3706,3711,3705,3711,3710,3708,3701,3708,3705,3707,3709,3704,3698,3708,3714,3715,3716,3710,3703,3712,3710,3711,3709,3707,3710,3699,3698,3700,3696,3689,3689,3687,3694,3692,3694,3686,3693,3684,3675,3673,3679,3684,3676,3677,3685,3686,3693,3694,3684,3683,3680,3684,3681,3683,3683,3679,3681,3685,3682,3677,3683,3687,3682,3681,3698,3697,3688,3691,3681,3685,3722,3757,3789,3802,3801,3803,2559,2550,2596,2603,2609,2608,2618,2640,2675,2683,2689,2680,2693,2701,2710,2688,2618,2597,2596,2611,2602,2600,2575,2603,2611,2604,2595,2601,2608,2615,2617,2605,2600,2605,2613,2616,2621,2624,2620,2615,2597,2585,2582,2584,2577,2577,2587,2593,2578,2599,2601,2607,2602,2596,2595,2609,2604,2610,2610,2610,2609,2609,2614,2610,2608,2601,2601,2600,2610,2621,2620,2636,2652,2655,2673,4004,4058,4063,4060,4059,4054,4059,4054,4059,4060,4060,4060,4060,4060,4059,4060,4058,4062,4062,4061,4060,4056,4054,4053,4059,4062,4057,4058,4053,4057,4054,4059,4059,4060,4062,4058,4055,4057,4060,4060,4058,4062,4058,4060,4058,4062,4053,4060,4058,4060,4064,4053,4060,4060,4058,4056,4058,4058,4058,4059,4054,4059,4056,4057,4061,4058,4059,4059,4062,4061,4058,4057,4057,4058,4059,4057,4057,4059];
iron_core = iron_core.*-1;
%
