deep_blue = [4064,4061,4059,4064,4062,4061,4060,4069,4059,4060,4061,4060,4063,4063,4066,4060,4056,4066,4064,4062,4062,4063,4062,2614,2624,2450,2603,2603,2597,2595,2598,2597,2610,2643,2721,2750,2747,2720,2683,2639,2610,2606,2613,2617,2604,2662,2751,2751,2746,2722,2730,2746,2735,2718,2694,2597,2589,2592,2608,2623,2732,2780,2776,2760,2734,2724,2674,2653,2601,2597,2608,2573,2575,2603,2647,2677,2727,2755,2756,2750,2706,2678,2682,2601,2565,2591,2621,2685,2733,2714,2722,2744,2761,2738,2742,2735,2702,2574,2566,2588,2629,2618,2619,2615,2699,2732,2742,2730,2679,2561,2579,2609,2602,2586,2599,2604,2610,2692,4057,4062,4065,4062,4064,4064];
deep_blue = deep_blue.*-1;
%
deep_blue3 = [4065,4062,4063,4065,4063,4062,4056,4063,4062,4068,4068,4058,4061,4062,4062,4066,4058,4059,4060,4058,4063,4063,4061,4062,4061,4066,4060,4064,4060,4061,4063,4056,4060,4060,4060,4064,4055,4064,4063,4064,4062,4057,4065,4067,4061,4062,4058,4064,4063,4062,4061,4058,4062,4061,4062,4064,4055,4061,4057,4059,4057,4053,4066,4061,4063,4062,4053,4067,4062,4062,4066,4065,4063,4061,4063,4059,4065,4065,4063,4059,4064,4055,4064,4063,4059,4063,4057,4063,4061,4060,4062,4058,4064,4060,4059,4065,4063,4065,4063,4060,4064,4058,4065,4062,4063,4066,4057,4061,4057,4059,4063,4056,4063,4061,4063,4064,4055,4064,4064,4061,4064,4064,4064,4061,4062,4063,4057,4065,4063,4062,4067,4057,4064,4060,4059,4063,4055,4062,4059,4060,4063,4057,4066,4064,4063,4062,4065,4065,4061,4061,4060,4056,4064,4063,4063,2685,2629,2621,2607,2596,2593,2577,2570,2554,2552,2541,2535,2532,2531,2536,2535,2535,2540,2540,2552,2559,2567,2572,2569,2578,2591,2584,2580,2581,2587,2586,2590,2592,2585,2587,2580,2571,2574,2564,2568,2570,2577,2591,2590,2597,2591,2588,2590,2588,2596,2601,2610,2610,2599,2598,2593,2610,2617,2643,2659,2660,2672,2685,2689,2695,2695,2708,2718,2721,2732,2733,2736,2737,2736,2746,2745,2742,2741,2730,2727,2705,2666,2586,2572,2567,2559,2569,2560,2556,2562,2550,2552,2558,2557,2583,2588,2583,2580,2586,2586,2578,2579,2584,2586,2589,2592,2587,2592,2594,2592,2578,2589,2587,2591,2599,2588,2604,2601,2608,2624,2625,2656,2685,2711,2722,2727,2729,2736,2748,2750,2742,2745,2731,2744,2756,2749,2751,2751,2754,2758,2753,2755,2740,2739,2746,2743,2742,2734,2737,2738,2739,2749,2739,2732,2732,2715,2717,2716,2716,2728,2732,2748,2751,2745,2736,2727,2718,2694,2686,2661,2645,2642,2631,2621,2611,2603,2602,2595,2594,2602,2602,2624,2621,2630,2633,2616,2620,2613,2606,2606,2615,2621,2643,2676,2698,2698,2709,2710,2714,2712,2709,2717,2726,2721,2725,2717,2718,2713,2716,2710,2719,2722,2726,2734,2739,2749,2752,2749,2756,2753,2745,2742,2737,2738,2721,2711,2700,2685,2675,2658,2662,2658,2647,2640,2626,2625,2605,2593,2591,2583,2587,2588,2591,2599,2590,2593,2591,2585,2580,2553,2559,2555,2559,2564,2561,2582,2581,2594,2614,2623,2638,2655,2659,2672,2663,2667,2663,2658,2666,2665,2673,2673,2681,2706,2711,2727,2721,2718,2726,2702,2710,2707,2708,2707,2700,2723,2728,2738,2754,2760,2759,2762,2758,2761,2749,2749,2735,2732,2722,2714,2719,2721,2732,2741,2746,2754,2748,2738,2710,2684,2677,2671,2672,2671,2659,2665,2654,2640,2626,2599,2594,2577,2572,2576,2570,2576,2576,2585,2589,2591,2618,2660,2682,2712,2731,2746,2741,2732,2730,2728,2719,2712,2713,2714,2711,2720,2723,2725,2724,2721,2718,2712,2721,2723,2732,2732,2736,2744,2741,2734,2726,2720,2722,2707,2710,2705,2702,2706,2703,2716,2714,2724,2726,2722,2725,2721,2720,2693,2664,2618,2596,2586,2580,2580,2591,2591,2592,2590,2584,2585,2572,2572,2567,2562,2568,2558,2555,2553,2562,2573,2572,2582,2588,2599,2606,2606,2611,2598,2609,2609,2610,2627,2626,2650,2663,2680,2702,2712,2717,2713,2707,2705,2699,2692,2686,2684,2681,2681,2684,2684,2690,2689,2678,2681,2667,2652,2630,2596,2577,2559,2544,2547,2535,2542,2541,2544,2546,2535,2542,2544,2540,2543,2542,2560,2562,2567,2573,2572,2575,2574,2573,2574,2584,2573,2576,2578,2587,2571,2581,2579,2580,2574,2570,2575,2566,2568,2579,2585,2580,2579,2583,2572,2566,2572,2573,4062,4067,4061,4066,4063,4065,4062,4060,4063,4063,4065,4061,4058,4062,4061,4064,4061,4062,4067,4060,4067,4056,4064,4063,4060,4062,4066,4065,4064,4059,4063,4062,4063,4065,4062,4067,4056,4059,4061,4061,4065,4060,4063,4063,4061,4065,4057,4066,4063,4062,4064,4064,4063,4061,4062,4063,4062,4063,4059,4061,4067,4059,4068,4062,4062,4063,4056,4066,4063,4063,4061,4058,4060,4061,4062,4058,4057,4065,4063,4062,4061,4065,4063,4063,4066,4059,4058,4061,4058,4064,4059,4060,4065,4062,4062,4062,4057,4062,4063,4061,4058,4060,4064,4060,4064,4057,4058,4068,4058,4062,4059,4058,4065,4063,4064,4062,4060,4064,4060,4064,4062,4065,4064,4060,4064,4055,4060,4061,4059,4065,4060,4059,4063,4057,4062,4059,4062,4065,4061,4064,4056,4062,4061,4063,4067,4059,4067,4063,4060,4063,4056,4064,4063];
deep_blue3 = deep_blue3.*-1;
%
iron_core =[4066,4063,4063,4063,4064,4067,4059,4062,4062,4060,4059,4064,4059,4057,4065,4064,4064,4063,4063,4062,4063,4064,4063,4065,4065,4057,4063,4065,4059,4061,4056,4063,4055,4064,4063,4058,4066,4060,4057,4062,4065,4059,4063,4059,4058,4063,4065,4062,4061,4064,4057,4059,4064,4060,4061,4055,4057,4062,4064,2678,2667,2583,2577,2587,2624,2629,2639,2640,2627,2610,2633,2632,2626,2625,2621,2610,2611,2602,2606,2614,2618,2607,2611,2630,2624,2607,2579,2572,2571,2570,2574,2638,2721,2650,2619,2587,3617,3654,3701,3702,3705,3723,3728,3727,3738,3737,3747,3759,3753,3707,3665,3676,3673,3667,3672,3670,3671,3685,3681,3687,3690,3680,3672,3685,3672,3671,3676,3688,3672,3724,3734,2589,2581,2592,2592,2665,2689,2696,2588,2581,2570,2617,2610,2606,2604,2610,2613,2619,2627,2609,2594,2608,2618,2628,2620,2610,2612,2617,2624,2629,2645,2641,4058,4062,4062,4064,4065,4057,4061,4065,4062,4062,4065,4060,4059,4066,4062,4061,4064,4061,4065,4063,4064,4060,4063,4063,4058,4061,4062,4062,4062,4064,4057,4063,4058,4060,4065,4067,4059,4060];
iron_core = iron_core.*-1;
%
iron_core2 = [4062,4060,4065,4065,4062,4063,4065,4064,4065,4063,4062,4061,4063,4060,4066,4064,4064,4063,4065,4065,4062,4062,4063,4065,4062,4067,4062,4061,4056,4065,4064,4064,4062,4066,4065,4064,4063,4063,4063,4063,4060,4065,4063,4062,4063,4065,4064,4070,4061,4060,4061,4062,4064,4062,4066,4064,4064,4065,4064,4064,4066,4062,4066,4064,4063,4061,4064,4067,4065,4064,4064,4065,4063,4065,2695,2691,2660,2660,2646,2645,2644,2641,2632,2625,2618,2620,2620,2614,2611,2603,2606,2598,2608,2613,2607,2606,2608,2611,2604,2607,2604,2609,2613,2632,2634,2623,2622,2622,2619,2613,2619,2607,2608,2608,2610,2614,2623,2615,2620,2617,2610,2606,2601,2603,2614,2610,2612,2612,2618,2605,2603,2616,2625,2625,2615,2601,2613,2659,2719,2728,2719,2726,2723,2729,2729,2724,2669,2640,2638,2617,2610,2571,2605,3668,3673,3687,3703,3708,3698,3700,3704,3697,3698,3699,3701,3705,3707,3709,3711,3715,3719,3712,3716,3714,3716,3709,3712,3704,3722,3712,3713,3713,3712,3717,3717,3714,3721,3719,3719,3723,3726,3725,3718,3713,3707,3688,3683,3665,3671,3667,3671,3668,3669,3672,3660,3658,3666,3668,3662,3667,3662,3667,3658,3667,3675,3674,3671,3674,3671,3672,3679,3688,3684,3681,3678,3679,3684,3684,3687,3679,3680,3665,3654,3653,3672,3716,3781,3794,3798,2585,2541,2541,2568,2611,2621,2628,2628,2660,2678,2699,2686,2671,2659,2655,2631,2604,2600,2602,2610,2622,2623,2625,2603,2608,2607,2616,2636,2630,2600,2575,2586,2612,2648,2677,2698,2714,2718,2719,2715,2716,2719,2719,2726,2720,2709,2706,2696,2692,2689,2688,2677,2677,2665,2662,2665,2664,2663,2655,2639,2623,2614,2607,2642,2668,2660,2638,2626,2621,2622,2620,2621,2631,2641,2644,2647,2664,2653,4067,4064,4060,4062,4064,4066,4062,4063,4060,4060,4060,4062,4062,4062,4062,4062,4063,4064,4062,4063,4062,4063,4061,4066,4063,4064,4060,4064,4061,4061,4063,4061,4062,4063,4061,4066,4055,4064,4060,4063,4060,4061,4061,4066,4060,4062,4062,4063,4060,4062,4061,4067,4064,4064,4064,4066,4064,4062,4062,4068,4061,4058,4064,4067,4068,4066,4066,4066,4064,4063,4064,4065,4064,4065,4067,4068,4066,4063,4064,4064,4062,4063,4064];
iron_core2 = iron_core2.*-1;
%
