Black_Beauty = [4061,4059,4055,4057,4058,4058,4061,4058,4058,4059,4060,4059,4060,4057,4060,4055,4060,4061,4062,4060,4058,4059,4056,4055,4055,4062,4056,4054,4056,4058,4058,4059,4060,4061,4060,4058,4055,4056,4055,4059,4059,4053,4056,4056,4057,4057,4054,4055,4056,4057,4059,4056,4058,4059,4058,4057,4056,4053,4057,4057,4059,4059,4059,4060,4060,4059,4056,4058,4055,4056,4055,4055,4054,4058,4063,4061,4059,4055,4053,4057,4052,4044,4043,2642,2570,2567,2571,2561,2558,2564,2590,2608,2613,2604,2598,2593,2591,2603,2596,2592,2572,2576,2572,2586,2589,2598,2603,2599,2620,2623,2664,2701,2730,2741,2740,2742,2733,2729,2727,2723,2718,2714,2673,2642,2627,2618,2619,2614,2610,2614,2609,2616,2605,2606,2613,2621,2622,2640,2635,2613,2615,2626,2637,2639,2641,2658,2694,2718,2721,2741,2746,2744,2745,2741,2721,2705,2700,2682,2654,2638,2614,2602,2588,2584,2599,2611,2618,2632,2636,2632,2627,2636,2634,2634,2630,2632,2631,2618,2631,2629,2638,2630,2636,2633,2629,2632,2627,2632,2618,2620,2616,2605,2604,2604,2618,2621,2629,2620,2611,2612,2616,2616,2606,2613,2608,2606,2612,2618,2610,2613,2623,2628,2630,2615,2617,2615,2593,2596,2607,2603,2600,2601,2612,2610,2610,2601,2611,2621,2621,2631,2631,2632,2624,2611,2607,2606,2607,2604,2601,2604,2607,2598,2612,2604,2621,2620,2622,2620,2627,2652,2699,2725,2744,2759,2762,2767,2771,2753,2728,2711,2714,2707,2662,2617,2611,2608,2619,2618,2615,2610,2610,2619,2631,2643,2633,2623,2624,2628,2629,2636,2646,2654,2657,2658,2663,2690,2728,2744,2756,2746,2747,2754,2755,2765,2764,2764,2757,2740,2655,2602,2590,2605,2575,2572,2575,2579,2579,2565,2558,2554,2566,2569,2580,2579,2570,2559,2557,2566,2560,2568,2574,2582,2588,3922,4056,4061,4058,4060,4059,4060,4064,4058,4057,4052,4054,4056,4058,4057,4057,4059,4057,4057,4052,4056,4058,4057,4055,4056,4057,4062,4062,4059,4060,4056,4057,4053,4054,4061,4057,4060,4059,4064,4062,4060,4058,4061,4059,4057,4053,4055,4057,4053,4057,4057,4062,4061,4058,4056,4057,4056,4063,4056,4058,4059,4060,4060,4059,4063,4055,4064,4055,4058,4059,4060,4061,4064,4065,4058,4058,4058];
Black_Beauty = Black_Beauty.*-1;
%
Black_Beauty2 = [4057,4060,4057,4061,4057,4055,4055,4058,4062,4057,4061,4056,4056,4054,4058,4057,4058,4060,4062,4057,4054,4062,4055,4055,4057,4060,4058,4059,4056,4056,4057,4056,4059,4057,4059,4056,4055,4055,4055,4056,4055,4057,4057,4058,4061,4057,4057,4053,4059,4056,4060,4056,4062,4060,4061,4056,4057,4058,4061,4059,4058,4056,4057,4058,4058,4052,4058,4058,4064,4058,4060,4063,4065,4062,4056,4059,4056,4057,4054,4061,4063,4061,4055,4058,4060,4056,4059,4062,4061,4062,4066,4060,4058,4058,4054,4056,4054,4059,4057,4057,4061,4059,4057,4056,4055,4058,4055,4055,4058,4056,4056,4057,4055,4060,4057,4039,4033,4015,4041,2585,2594,2591,2592,2570,2561,2573,2584,2587,2578,2577,2585,2590,2588,2589,2580,2573,2568,2574,2579,2586,2616,2610,2617,2633,2663,2688,2725,2742,2750,2747,2733,2727,2728,2742,2757,2754,2746,2653,2619,2615,2616,2608,2607,2609,2608,2607,2609,2611,2600,2595,2590,2595,2613,2630,2637,2634,2631,2618,2602,2614,2634,2686,2709,2735,2744,2728,2722,2725,2742,2738,2727,2708,2687,2651,2622,2614,2621,2620,2627,2639,2644,2655,2638,2637,2628,2616,2598,2608,2614,2616,2617,2632,2636,2623,2628,2630,2636,2629,2618,2617,2610,2615,2615,2614,2619,2607,2609,2605,2616,2602,2602,2596,2607,2600,2595,2589,2592,2593,2596,2592,2597,2616,2621,2628,2633,2635,2631,2628,2633,2617,2596,2584,2595,2601,2622,2645,2646,2641,2623,2616,2612,2615,2617,2628,2623,2618,2616,2616,2613,2589,2584,2599,2614,2633,2647,2648,2636,2640,2648,2646,2641,2635,2622,2613,2620,2627,2725,2737,2745,2746,2750,2754,2773,2778,2784,2783,2765,2722,2581,2573,2574,2601,2608,2614,2610,2590,2590,2592,2614,2620,2629,2621,2611,2584,2579,2609,2618,2630,2630,2641,2654,2701,2757,2771,2777,2773,2782,2767,2757,2746,2750,2741,2717,2653,2602,2599,2597,2599,2610,2615,2624,2624,2617,2607,2595,2591,2600,2601,2604,2607,2590,2583,2564,2575,2583,2605,2616,2610,4058,4060,4058,4060,4059,4056,4058,4062,4059,4059,4056,4056,4059,4055,4055,4058,4058,4056,4059,4059,4058,4056,4055,4055,4062,4055,4054,4059,4060,4062,4056,4059,4056,4056,4060,4058,4059,4061,4058,4062,4058,4056];
Black_Beauty2 = Black_Beauty2.*-1;

% Black_Beauty lackiert
Black_Beauty3_X = [4071,4071,4072,4072,4073,4071,4073,4071,4069,4073,4071,4071,4070,4071,4078,4072,4070,4074,4069,4078,4066,4067,4074,4072,4070,4072,4073,4067,4072,4072,4074,4071,4070,4076,4072,4073,4071,4074,4074,4075,4048,4017,3972,2475,2492,2500,2506,2497,2515,2485,2488,2474,2477,2487,2508,2499,2483,2492,2480,2511,2494,2500,2511,2495,2483,2473,2469,2480,2472,2493,2691,2713,2659,2640,2645,2646,2643,2627,2603,2609,2607,2609,2610,2575,2571,2571,2584,2579,2585,2580,2538,2505,2510,2508,2506,2523,2518,2523,2506,2502,2513,2498,2515,2526,2546,2650,2696,2656,2664,2648,2701,2703,2701,2645,2614,2554,2565,2600,2563,2557,2554,2551,2532,2513,2516,2495,2495,2524,2554,2552,2549,2554,2541,2567,2581,2561,2513,2518,2555,2585,2589,2585,2578,2585,2574,2525,2494,2483,2481,2493,2526,2540,2510,2488,2496,2508,2511,2528,2542,2510,2505,2538,2568,2544,2520,2536,2557,2554,2538,2510,2507,2501,2506,2500,2494,2497,2497,2526,2516,2513,2510,2534,2549,2531,2513,2495,2501,2502,2489,2511,2562,2572,2570,2558,2556,2564,2578,2590,2600,2578,2526,2511,2512,2535,2546,2553,2628,2645,2656,2671,2654,2650,2679,2678,2664,2576,2525,2556,2569,2558,2523,2524,2516,2506,2500,2503,2513,2513,2515,2510,2465,2535,2548,2561,2561,2534,2539,2532,2547,2563,2593,2617,2597,2529,2510,2544,2627,2606,2624,2651,2581,2565,2540,2470,2482,2489,2536,2587,2600,2601,2573,2510,2540,2549,2517,2481,2482,2483,2474,2491,2485,2484,2470,3746,4074,4076,4068,4075,4071,4072,4072,4073,4073,4067,4074,4075,4073,4070,4075,4075,4068,4073,4073,4075,4070,4074,4069,4074,4071,4077,4073,4074,4068,4072,4078,4077,4070,4073,4073,4072,4072,4073,4073,4067,4070,4073,4069,4073,4073,4076,4071,4072,4075,4073,4071,4073,4072,4068,4077,4071,4068,4070,4073,4072,4074,4070,4073,4071,4075,4068,4073,4073,4069,4071,4073,4071,4073,4077,4075,4073,4071,4070,4072,4074,4074,4070,4075,4069,4070,4071,4073,4068,4079,4072,4070,4070,4073,4075,4068,4075,4071,4072,4074,4073,4072,4074,4071,4070,4071,4074,4075,4070,4070,4073,4070,4073,4074,4070,4069,4072,4073,4072,4072,4074,4067,4073,4072,4070,4073,4074];
Black_Beauty3_X = Black_Beauty3_X.*-1;

