% Test Reihe der vier weiﬂ angemalten Puks:
% Es wurden 400 Messwerte aus Langsamer Bandgeschwindigkeit genommen.
% Die Werte werden zur verbesserten ‹bersicht mit -1 multipliziert.
WhiteInnocence = [4063,4061,4061,4058,4058,4060,4060,4055,4061,4063,4061,4064,4060,4059,4061,4059,4058,4059,4059,4058,4061,4064,4059,4059,4061,4060,4056,4063,4060,4060,4061,4058,4056,4062,4062,4061,4060,4060,4058,4057,4061,4054,4060,4060,4059,4063,4061,4060,4060,4060,4057,4057,4060,4064,4057,4060,4058,4062,4059,4058,4059,4062,4056,4059,4061,4058,4057,4060,4063,4060,4059,4059,4059,4060,4058,4056,4062,4062,3556,3450,3338,3121,3045,3013,2815,2670,2642,2634,2617,2608,2606,2610,2609,2602,2603,2610,2607,2605,2611,2619,2664,2707,2729,2729,2732,2731,2740,2737,2734,2734,2741,2735,2731,2736,2736,2739,2737,2740,2730,2733,2723,2729,2715,2688,2634,2616,2609,2603,2600,2598,2587,2588,2598,2601,2613,2633,2677,2717,2724,2724,2726,2725,2728,2727,2732,2726,2737,2737,2732,2722,2732,2731,2729,2728,2728,2731,2735,2729,2697,2650,2633,2617,2618,2612,2608,2597,2605,2598,2604,2604,2590,2592,2598,2594,2593,2596,2604,2598,2592,2592,2586,2594,2605,2599,2594,2596,2601,2600,2600,2599,2594,2589,2597,2593,2594,2590,2592,2596,2592,2597,2591,2594,2594,2597,2592,2586,2592,2590,2585,2590,2581,2584,2591,2589,2596,2596,2604,2593,2590,2596,2592,2598,2598,2599,2597,2587,2584,2585,2578,2579,2588,2593,2577,2583,2594,2599,2602,2596,2594,2588,2593,2586,2583,2590,2593,2592,2594,2593,2594,2614,2656,2702,2717,2723,2723,2711,2716,2714,2720,2719,2718,2724,2721,2728,2720,2727,2721,2722,2719,2719,2719,2710,2701,2656,2606,2590,2590,2584,2588,2589,2595,2590,2593,2597,2605,2647,2691,2715,2721,2722,2724,2726,2725,2719,2714,2720,2714,2724,2718,2720,2714,2710,2708,2717,2720,2726,2726,2711,2642,2589,2579,2578,2577,2581,2591,2594,2591,2589,2588,2585,2573,2583,4064,4057,4063,4062,4059,4059,4064,4061,4058,4059,4060,4055,4058,4061,4059,4060,4058,4058,4062,4061,4060,4058,4058,4056,4063,4062,4059,4064,4063,4057,4062,4058,4062,4066,4061,4062,4061,4061,4058,4060,4061,4057,4063,4060,4062,4062,4064,4058,4064,4061,4060,4060,4060,4059,4059,4068,4062,4062,4060,4060,4061,4063,4061,4062,4059,4062,4062,4061,4058,4061,4062,4057,4059,4063,4060,4061,4061,4062];
WhiteInnocence = WhiteInnocence * -1;
Sunshine = [4058,4062,4060,4058,4058,4058,4058,4059,4061,4057,4058,4059,4056,4062,4059,4059,4058,4055,4063,4060,4060,4058,4062,4059,4059,4060,4056,4056,4061,4056,4058,4063,4058,4063,4057,4057,4059,4060,4061,4062,4060,4059,4058,4064,4057,4059,4065,4058,4065,4064,4059,4062,4062,4055,4058,4058,4058,4057,4059,4061,4062,4065,4059,4060,4060,4055,4060,4060,4063,4060,4057,4056,4059,4062,4061,4061,4060,4058,4062,4060,4059,4059,4059,4062,4062,4058,4061,4065,4058,4061,4062,3287,3260,3227,3161,3099,2575,2564,2564,2559,2568,2577,2584,2585,2586,2594,2594,2600,2596,2604,2606,2615,2641,2685,2707,2713,2722,2722,2723,2719,2721,2720,2728,2727,2720,2722,2714,2717,2711,2708,2703,2714,2718,2720,2717,2694,2626,2594,2584,2585,2590,2576,2579,2587,2587,2584,2578,2576,2583,2588,2586,2584,2588,2589,2592,2593,2598,2603,2608,2603,2624,2669,2709,2720,2722,2715,2722,2729,2735,2738,2725,2713,2660,2612,2595,2593,2584,2592,2591,2587,2586,2583,2584,2590,2591,2587,2584,2589,2581,2589,2587,2585,2582,2580,2585,2580,2586,2580,2582,2580,2578,2583,2588,2588,2589,2584,2575,2581,2586,2582,2588,2586,2582,2586,2592,2594,2595,2595,2600,2599,2598,2593,2592,2585,2588,2588,2595,2591,2592,2593,2587,2584,2581,2588,2588,2587,2584,2587,2578,2573,2575,2581,2583,2590,2585,2576,2577,2583,2586,2592,2591,2595,2594,2590,2597,2592,2587,2591,2599,2596,2593,2593,2590,2594,2595,2589,2597,2622,2676,2702,2711,2717,2715,2723,2718,2722,2719,2718,2693,2639,2609,2603,2594,2587,2592,2587,2584,2580,2584,2588,2590,2602,2597,2598,2589,2591,2592,2592,2593,2590,2586,2591,2609,2631,2680,2707,2716,2721,2717,2717,2713,2714,2709,2716,2727,2723,2721,2716,2717,2725,2720,2728,2727,2723,2714,2708,2672,2606,2590,2577,2580,2577,2580,2578,2577,2578,2587,2590,2582,2583,2576,4060,4064,4062,4062,4061,4060,4056,4065,4060,4058,4061,4058,4061,4064,4063,4060,4061,4058,4056,4061,4059,4059,4058,4058,4061,4065,4066,4058,4062,4059,4059,4062,4060,4066,4062,4058,4065,4063,4059,4061,4059,4058,4063,4062,4060,4056,4059,4059,4058,4061,4058,4062,4057,4060,4060,4061,4060,4058,4058];
Sunshine = Sunshine * -1;
DeepBlue = [4055,4060,4057,4065,4061,4063,4063,4059,4062,4068,4064,4061,4062,4059,4063,4059,4060,4056,4057,4059,4059,4057,4062,4061,4058,4060,4063,4057,4062,4058,4054,4059,4060,4056,4060,4059,4058,4062,4059,4063,4059,4058,4060,4059,4062,4061,4059,4056,4060,4061,4062,4064,4058,4062,4060,4059,4060,4058,4059,4062,4062,4058,4059,4056,4057,4062,4059,4061,4059,4057,4056,4061,4058,4057,4059,4059,4061,2594,2594,2571,2578,2587,2597,2602,2597,2602,2586,2603,2600,2596,2588,2583,2570,2566,2565,2561,2561,2559,2572,2581,2584,2578,2581,2578,2585,2590,2600,2643,2699,2713,2712,2709,2707,2709,2711,2713,2707,2660,2616,2600,2586,2589,2585,2584,2582,2581,2584,2574,2581,2579,2581,2584,2591,2597,2607,2621,2643,2677,2710,2720,2716,2714,2715,2709,2716,2714,2722,2720,2715,2709,2711,2710,2711,2709,2710,2719,2703,2696,2685,2648,2617,2603,2586,2579,2566,2561,2554,2555,2552,2562,2564,2582,2614,2674,2703,2711,2709,2711,2706,2710,2712,2711,2712,2709,2708,2708,2708,2701,2679,2648,2619,2606,2588,2583,2580,2578,2574,2576,2578,2583,2591,2596,2604,2601,2603,2606,2597,2589,2592,2598,2610,2622,2628,2658,2679,2700,2707,2710,2710,2714,2716,2715,2718,2717,2716,2723,2719,2715,2702,2670,2631,2622,2617,2619,2600,2596,2591,2586,2588,2587,2590,2614,2652,2691,2709,2711,2718,2712,2712,2715,2720,2715,2713,2715,2711,2722,2718,2720,2716,2720,2713,2710,2704,2704,2655,2611,2608,2600,2606,2604,2614,2602,2597,2594,2594,2594,2590,2592,2596,2600,2614,2632,2648,2683,2702,2710,2708,2709,2715,2716,2718,2713,2704,2685,2637,2602,2590,2585,2589,2596,2594,2590,2598,2604,2608,2607,2596,2587,2583,2588,2595,2592,2588,2589,2601,2612,2626,2639,2646,2639,4058,4060,4058,4062,4059,4056,4061,4060,4060,4060,4060,4062,4062,4061,4064,4060,4056,4060,4061,4058,4062,4053,4059,4063,4062,4061,4063,4056,4064,4058,4059,4061,4057,4061,4059,4061,4059,4060,4057,4061,4057,4060,4059,4055,4060,4060,4062,4058,4067,4056,4060,4060,4059,4059,4058,4056,4061,4060,4062,4061,4056,4062,4063,4061,4060,4059,4061,4063,4063,4059,4063,4057,4060,4059,4062,4060,4061,4061,4065,4063];
DeepBlue = DeepBlue * -1;
