%test
% Sunshine Messungen
Sunshine = [4056,4060,4058,4062,4063,4060,4059,4063,4054,4061,4059,4058,4057,4065,4062,4061,4060,4061,4058,4057,4060,4066,4061,4060,4061,4060,4057,4059,4056,4058,4059,4065,4060,4060,4059,4056,4061,4058,4058,4059,4054,4058,4061,4056,4058,4059,4058,4053,4058,4057,4058,4058,4057,4057,4058,4056,4057,4056,4056,4057,4057,4058,4057,4060,4061,4062,4058,4055,4059,4053,4055,4055,4057,4060,4058,4056,3282,3253,3237,3232,3212,3191,3162,2698,2639,2611,2593,2584,2588,2585,2589,2567,2572,2575,2585,2593,2601,2614,2667,2720,2730,2731,2723,2749,2756,2762,2764,2769,2773,2766,2761,2756,2757,2758,2756,2755,2746,2748,2744,2743,2740,2726,2683,2640,2619,2624,2611,2604,2604,2622,2621,2624,2618,2618,2622,2628,2638,2633,2631,2626,2630,2636,2628,2625,2623,2632,2710,2745,2761,2765,2759,2752,2754,2751,2759,2744,2746,2721,2686,2650,2623,2629,2632,2631,2628,2619,2620,2626,2632,2616,2633,2647,2647,2636,2628,2619,2616,2599,2585,2590,2609,2634,2644,2653,2645,2647,2651,2649,2650,2643,2637,2633,2626,2618,2589,2609,2615,2599,2602,2610,2620,2628,2630,2644,2644,2641,2638,2633,2622,2628,2629,2613,2618,2626,2628,2618,2617,2617,2633,2627,2635,2642,2639,2641,2645,2645,2645,2636,2643,2641,2635,2637,2633,2632,2602,2612,2635,2644,2638,2638,2634,2636,2644,2647,2642,2647,2642,2643,2662,2736,2756,2766,2766,2758,2752,2744,2750,2748,2736,2725,2709,2678,2667,2657,2650,2643,2636,2637,2631,2637,2634,2638,2633,2634,2636,2637,2640,2634,2629,2627,2627,2631,2639,2653,2684,2709,2731,2735,2746,2757,2748,2736,2729,2734,2744,2745,2759,2764,2753,2746,2746,2732,2712,2699,2695,2712,2717,2720,2691,2644,2599,2599,2603,2592,2579,2573,2569,2569,2567,2585,2601,4059,4066,4056,4060,4058,4059,4056,4062,4055,4060,4056,4054,4062,4063,4059,4058,4063,4055,4059,4053,4055,4057,4061,4057,4060,4061,4065,4063,4059,4057,4053,4057,4052,4061,4057,4060,4060,4061,4054,4059,4059,4053,4058,4059,4060,4059,4059,4059,4055,4056,4055,4056,4055,4056,4055,4059,4058,4060,4062,4058,4057,4058,4057,4056,4056,4053,4056,4060,4061,4060,4058,4059,4062,4066,4063,4059,4060,4060,4054];
Sunshine = Sunshine.*-1;
% Riffel längst
SunshineL = [4056,4061,4059,4056,4062,4062,4062,4060,4061,4060,4059,4060,4059,4058,4060,4054,4057,4059,4059,4059,4054,4056,4057,4058,4060,4058,4052,4055,4054,4060,4057,4057,4054,4056,4056,4057,4060,4054,4057,4052,4057,4057,4057,4059,4058,4058,4057,4055,4058,4058,4057,4054,4059,4059,4058,4058,4051,4057,4052,4056,4057,4056,4054,4055,4058,4059,4060,4058,4064,4056,4058,4057,4059,4054,4054,4053,4060,4057,4059,4060,3277,3248,3221,3209,3185,3127,2732,2681,2652,2645,2630,2598,2587,2581,2595,2592,2592,2597,2607,2611,2615,2605,2634,2666,2686,2705,2726,2740,2753,2754,2767,2760,2771,2779,2783,2779,2774,2768,2770,2765,2759,2770,2772,2770,2765,2762,2757,2743,2704,2666,2633,2628,2628,2629,2644,2629,2631,2625,2634,2639,2655,2656,2657,2665,2661,2671,2672,2661,2641,2622,2631,2655,2661,2675,2703,2719,2728,2720,2731,2730,2723,2724,2721,2719,2718,2711,2697,2663,2639,2606,2572,2556,2548,2548,2544,2548,2546,2549,2559,2562,2571,2579,2583,2581,2569,2569,2571,2577,2593,2589,2580,2572,2591,2591,2580,2576,2571,2588,2602,2604,2591,2593,2589,2586,2593,2591,2598,2593,2594,2591,2599,2605,2612,2630,2629,2634,2628,2621,2621,2613,2609,2601,2617,2621,2629,2628,2631,2630,2635,2620,2619,2620,2617,2615,2620,2614,2589,2583,2602,2604,2599,2583,2591,2597,2591,2594,2613,2615,2623,2621,2628,2624,2618,2612,2618,2617,2619,2625,2628,2626,2628,2632,2633,2636,2642,2668,2703,2726,2733,2749,2750,2759,2746,2757,2755,2760,2756,2747,2684,2626,2623,2634,2639,2630,2630,2625,2631,2622,2615,2623,2610,2608,2615,2620,2625,2618,2616,2614,2620,2612,2617,2627,2649,2687,2704,2718,2728,2740,2749,2726,2729,2718,2723,2727,2730,2744,2741,2732,2720,2712,2712,2701,2698,2697,2694,2706,2712,2707,2680,2638,2600,2586,2573,2581,2579,2568,2556,2562,2573,2591,2592,4052,4056,4055,4055,4056,4059,4057,4061,4060,4059,4056,4054,4059,4057,4056,4058,4057,4058,4054,4053,4058,4058,4056,4056,4062,4053,4054,4059,4056,4055,4060,4057,4063,4056,4055,4058,4054,4055,4059,4059,4058,4057,4055,4056,4060,4061,4060,4057,4058,4053,4057,4057,4060,4056,4054,4057,4056,4061,4056];
SunshineL = SunshineL.*-1;


% Riffle quer
SunshineB = [4059,4057,4060,4058,4053,4060,4058,4057,4058,4058,4056,4055,4057,4060,4056,4059,4059,4058,4062,4057,4058,4058,4053,4055,4060,4055,4057,4053,4056,4058,4058,4059,4057,4058,4060,4057,4059,4057,4056,4053,4060,4058,4058,4063,4054,4059,4056,4063,4057,4056,4054,4053,4057,4056,4058,4056,4056,4054,4057,4058,4059,4056,4054,4053,4056,4057,4055,4055,4053,4057,4055,4058,4059,4058,4056,4057,4058,4060,4055,4058,4056,4056,4056,4054,4057,4055,3334,3292,3270,3242,3167,2841,2725,2687,2669,2647,2632,2602,2587,2573,2588,2582,2590,2601,2613,2615,2615,2646,2681,2701,2702,2725,2725,2731,2729,2732,2746,2746,2746,2743,2729,2740,2758,2765,2769,2756,2750,2746,2749,2742,2736,2724,2684,2627,2613,2639,2651,2651,2649,2642,2628,2631,2642,2634,2619,2613,2612,2602,2600,2600,2613,2638,2650,2637,2638,2647,2700,2741,2746,2749,2771,2775,2770,2763,2747,2749,2733,2738,2703,2676,2652,2647,2638,2607,2598,2591,2605,2617,2616,2609,2599,2608,2614,2617,2606,2613,2614,2614,2614,2618,2621,2610,2585,2587,2591,2607,2612,2613,2616,2612,2610,2610,2613,2601,2601,2589,2592,2584,2582,2578,2579,2600,2609,2613,2603,2600,2601,2600,2607,2612,2610,2608,2604,2596,2598,2605,2616,2612,2635,2639,2652,2650,2629,2627,2604,2593,2596,2604,2601,2591,2596,2605,2615,2613,2588,2570,2587,2600,2612,2603,2593,2586,2589,2606,2610,2604,2603,2597,2597,2598,2608,2615,2667,2706,2729,2744,2747,2745,2727,2735,2716,2712,2705,2701,2693,2634,2606,2616,2624,2631,2622,2627,2619,2607,2589,2616,2620,2608,2608,2600,2592,2591,2590,2602,2621,2627,2626,2620,2674,2734,2749,2762,2762,2754,2750,2749,2742,2744,2741,2736,2743,2731,2737,2728,2720,2727,2705,2702,2702,2702,2716,2710,2699,2644,2625,2621,2625,2607,2584,2580,2584,2590,2590,2606,2635,2654,4056,4057,4059,4054,4058,4058,4058,4054,4055,4058,4057,4059,4058,4058,4053,4056,4055,4059,4058,4056,4059,4056,4058,4060,4060,4057,4051,4055,4055,4061,4057,4054,4057,4054,4058,4060,4061,4058,4052,4058,4057,4058,4056,4057,4054,4055,4057,4059,4058,4061,4052,4055,4060,4060,4059,4052,4056,4056,4054,4059,4056,4056,4056,4058];
SunshineB = SunshineB.*-1;
% Vergleichspuk
